98765002 8 15 10 5 4 3 18 0
45678003 2.0 1.0 1.0 1.0 1.0 1.0 1.0 1.0
12345004 20 5 2 7 16 9 17 8
67890005 19 2 3 5 14 18 11 6
23456006 4 8 18 7 1 6 16 3
78901007 16 14 18 3 15 19 17 10
34567008 11 9 19 6 7 14 20 13
25252009 16 3 9 4 2 15 20 12
98765010 7 16 18 1 0 14 2 10
45678011 6 18 2 20 14 13 3 5
12345012 19 11 1 5 17 14 7 16
67890013 16 8 15 11 0 1 18 9
23456014 9 8 4 6 20 10 7 16
78901015 18 2 20 9 14 1 15 7
34567016 2 14 3 11 6 9 10 19
25252017 4 19 13 3 7 16 10 8
98765018 17 5 3 20 18 10 9 12
45678019 11 15 4 1 6 17 3 14
12345020 3 7 9 20 1 6 8 17
23456101 2 19 1 14 16 6 12 18
78901202 14 16 13 11 1 7 10 2
34567303 17 5 8 19 14 20 10 1
25252404 10 8 4 12 3 5 20 17
98765605 4 18 11 19 13 6 2 0
45678906 10 6 18 8 11 2 3 13